100 100
58 36 81 -7 46 49 87 -58 98 -15 -2 62 -8 -22 0 78 -48 94 68 -7 -73 8 62 2 -84 29 78 71 -11 3 3 88 -21 69 -96 -10 52 -70 17 -37 -57 -20 73 76 54 17 54 -33 -49 40 -83 63 34 58 47 98 -89 -82 4 67 58 -87 72 -96 62 -50 -50 -74 -28 -50 15 91 45 -20 -97 56 -15 10 46 -42 40 -89 98 42 85 65 -22 -46 56 -54 35 34 35 -53 98 69 -88 91 26 80
2 4 70
2 70 94
2 95 99
2 34 42
1 8 -57
2 11 35
2 70 96
2 7 77
1 55 -11
1 56 -27
1 8 62
2 45 69
1 27 -10
2 92 95
1 18 23
2 79 92
2 21 49
2 51 90
1 98 59
2 21 81
2 6 9
1 83 11
2 98 100
2 100 100
2 29 68
2 75 87
2 19 98
2 98 100
1 50 81
1 59 77
1 44 -79
2 63 96
2 18 22
2 26 82
1 86 -38
2 7 69
1 46 36
2 36 49
1 65 97
1 83 43
2 38 39
1 19 19
1 84 87
2 59 60
1 25 -59
1 97 -43
1 91 61
2 60 85
2 97 99
1 89 9
2 81 84
1 11 83
1 39 61
1 21 75
1 14 -80
1 71 64
2 74 93
1 8 10
1 88 6
2 71 85
2 96 97
1 10 -83
1 47 -31
2 4 4
1 8 38
1 84 1
2 67 85
1 89 -99
2 39 70
2 5 90
2 2 98
1 12 94
1 98 -5
2 80 93
2 61 72
1 64 72
1 25 -82
2 25 36
1 54 -44
1 29 28
1 56 -95
2 67 86
1 92 62
2 37 43
2 47 99
2 4 50
2 90 93
1 69 -94
1 52 76
2 5 56
1 83 -90
2 93 100
1 42 52
2 72 88
1 12 17
2 96 98
1 19 -63
1 30 58
2 21 38
1 85 -33
